clear;
w=[0 56 35 21 51 60;
   56 0 21 57 78 70;
   35 21 0 36 68 68;
   21 57 36 0 51 61;
   51 78 68 51 0 13;
   60 70 68 61 13 0];
[k,d,r,minC,minK]=floyd(w);